0,532
0,531
33,1
33,3
32,1
32,3
31,1
31,3
0,498
26,1
26,3
0,273
0,270
0,319
65,35
3,2
3,1
3,3
10,76
10,270
10,64
10,96
10,218
10,228
10,142
11,27
11,20
11,12
11,14
11,7
9,7
9,2
9,3
8,9
8,4
8,7
8,11
8,8
8,10
8,2
8,3
12,2
12,1
12,3
20,2
20,1
20,3
19,2
19,1
19,3
59,4
59,3
59,2
59,1
59,0
58,4
58,3
58,2
58,1
58,0
57,4
57,3
57,2
57,1
57,0
56,6
56,5
56,4
56,3
56,2
56,1
56,0
54,5
54,4
54,3
54,2
54,1
54,0
53,4
53,3
53,2
53,1
53,0
52,4
52,3
52,2
52,1
52,0
51,4
51,3
51,2
51,1
51,0
50,4
50,3
50,1
49,3
49,1
48,7
48,6
48,5
48,4
48,3
48,2
48,1
44,3
44,1
41,3
41,2
41,1
40,3
40,1
36,3
36,1
26,2
18,3
18,1
14,3
14,1
